% Gaussian Quadrature Coefficients

W1 = 0.1713244923791703450403;
W6 = W1;
W2 = 0.3607615730481386075698;
W5 = W2;
W3 = 0.4679139345726910473899;
W4 = W3;

x1 = -0.9324695142031520278123;
x6 = -x1;
x2 = -0.661209386466264513661;
x5 = -x2;
x3 = -0.2386191860831969086305;
x4 = -x3;

% Source - https://keisan.casio.com/exec/system/1329114617
% 1	-0.9324695142031520278123	0.1713244923791703450403
% 2	-0.661209386466264513661	0.3607615730481386075698
% 3	-0.2386191860831969086305	0.4679139345726910473899
% 4	0.238619186083196908631 	0.46791393457269104739
% 5	0.661209386466264513661 	0.3607615730481386075698
% 6	0.9324695142031520278123	0.1713244923791703450403

W = [W1, W2, W3, W4, W5, W6];               % Weights
Node = [x1, x2, x3, x4, x5, x6];            % Nodes